Zeit in s: 39.4006 
Gesamtkosten einer optimalen Loesung des MCDPP sind: 8462 
Die Kanten einer optimalen Loesung beschrieben als Kanten-Indices des Basis-Graphen sind: 
151 188 119 65 59 52 
148 165 38 37 8 4 5 10 
149 161 157 160 190 189 
9 14 16 27 50 
193 187 180 182 122 72 56 
11 20 44 252 253 257 206 201 198 121 69 54 
57 75 76 94 96 107 108 231 229 
55 71 91 88 90 104 334 
265 210 212 345 352 339 333 
315 316 302 282 241 240 259 260 255 254 32 30 12 
309 286 245 243 
325 326 337 332 
217 216 236 242 288 294 
293 296 295 299 313 328 
53 61 74 123 111 110 114 135 132 127 
128 140 
192 205 251 220 222 266 
39 28 18 19 46 247 276 278 306 307 
194 176 145 129 
