Zeit in s: 60.378 
Gesamtkosten einer optimalen Loesung des MCDPP sind: 8462 
Die Kanten einer optimalen Loesung beschrieben als Kanten-Indices des Basis-Graphen sind: 
52 59 65 119 188 151 
148 165 38 37 8 4 5 10 
189 190 160 157 161 149 
9 14 16 27 50 
193 187 180 182 122 72 56 
11 20 44 252 253 257 206 201 198 121 69 54 
229 231 108 107 96 94 76 75 57 
55 71 91 88 90 104 334 
333 339 352 345 212 210 265 
12 30 32 254 255 260 259 240 241 282 302 316 315 
243 245 286 309 
332 337 326 325 
294 288 242 236 216 217 
328 313 299 295 296 293 
53 61 74 123 111 110 114 135 132 127 
140 128 
192 205 251 220 222 266 
39 28 18 19 46 247 276 278 306 307 
194 176 145 129 
